40   0.38023   0.02325   0.02426   0.02821   0.60201   
50   0.68976   0.03803   0.03825   0.04234   2.02227   
60   0.96978   0.05371   0.05588   0.06169   2.76657   
70   1.41506   0.07931   0.07935   0.08359   3.59420   
80   1.91307   0.11430   0.10685   0.11258   4.62034   
90   2.48349   0.15820   0.13655   0.15543   6.08077   
100  2.99065   0.20517   0.17647   0.20624   7.60815   
110  3.94508   0.30453   0.23351   0.26987   9.84558   
120  4.58327   0.35808   0.27200   0.31588   12.37424  
130  5.62186   0.46334   0.33445   0.39087   16.06438  
140  6.75040   0.57613   0.40602   0.44383   18.967
