10   0.02164   0.04759   0.01332   0.00457
20   0.10318   0.01037   0.01484   0.01742
30   0.21494   0.02023   0.04500   0.05300
40   0.37828   0.04010   0.10539   0.11912
50   0.67337   0.08138   0.23953   0.25930
60   0.97813   0.12229   0.40768   0.44684
70   1.43785   0.19968   0.75422   0.77540
80   1.95247   0.27776   1.12687   1.18111
90   2.52926   0.42665   1.77981   1.93340
100  3.03138   0.57406   2.45519   2.77526
110  3.89988   0.85151   3.40795   3.62889
120  4.67105   1.05059   4.62825   5.14309
130  5.75435   1.38002   6.20776   6.68897
